cl__1 = 1;
Point(1) = {-0.153846, 0.451049, 0, 1};
Point(2) = {0.269231, 0.0314685, 0, 1};
Point(3) = {-0.125874, 0, 0, 1};
Point(4) = {-0.374126, 0.160839, 0, 1};
Point(5) = {-0.353147, 0.339161, 0, 1};
Line(1) = {1, 2};
Line(2) = {2, 3};
Line(3) = {3, 4};
Line(4) = {4, 5};
Line(5) = {5, 1};
Line Loop(6) = {1,2,3,4,5};
Plane Surface(6) = {6};
