cl__1 = 1;
Point(1) = {-0.643357, 0.125874, 0, 1};
Point(2) = {-0.695804, -0.339161, 0, 1};
Point(3) = {0.020979, -0.486014, 0, 1};
Point(4) = {-0.00699301, 0.0244755, 0, 1};
Line(1) = {2, 1};
Line(2) = {3, 2};
Line(3) = {4, 3};
Line(4) = {1, 4};
Line Loop(5) = {1,2,3,4};
