cl__1 = 1;
Point(1) = {-0.444056, 0.56993, 0, 1};
Point(2) = {-0.527972, -0.0524476, 0, 1};
Point(3) = {0.167832, -0.171329, 0, 1};
Point(4) = {0.454545, 0.465035, 0, 1};
Line(1) = {2, 1};
Line(2) = {3, 2};
Line(3) = {4, 3};
Line(4) = {1, 4};
Line Loop(5) = {1,2,3,4};
Plane Surface(5) = {5};
