cl__1 = 1;
Point(1) = {-0.58042, 0.122378, 0, 1};
Point(2) = {-0.566434, -0.325175, 0, 1};
Point(3) = {0.307692, -0.258741, 0, 1};
Point(4) = {0.27972, 0.192308, 0, 1};
Line(1) = {1, 2};
Line(2) = {2, 3};
Line(3) = {3, 4};
